3.14159265358979323846264338327950288419716939937510582097494459230781640628620899862803482534211706798214808651328230664709384460955058
2231725359408128481117450284102701938521105559644622948954930381964428810975665933446128475648233786783165271201909145648566923460348610
4543266482133936072602491412737245870066063155881748815209209628292540917153643678925903600113305305488204665213841469519415116094330572
7036575959195309218611738193261179310511854807446237996274956735188575272489122793818301194912983367336244065664308602139494639522473719
0702179860943702770539217176293176752384674818467669405132000568127145263560827785771342757789609173637178721468440901224953430146549585
3710507922796892589235420199561121290219608640344181598136297747713099605187072113499999983729780499510597317328160963185950244594553469
0830264252230825334468503526193118817101000313783875288658753320838142061717766914730359825349042875546873115956286388235378759375195778
1857780532171226806613001927876611195909216420198938095257201065485863278865936153381827968230301952035301852968995773622599413891249721
7752834791315155748572424541506959508295331168617278558890750983817546374649393192550604009277016711390098488240128583616035637076601047
1018194295559619894676783744944825537977472684710404753464620804668425906949129331367702898915210475216205696602405803815019351125338243
0035587640247496473263914199272604269922796782354781636009341721641219924586315030286182974555706749838505494588586926995690927210797509
3029553211653449872027559602364806654991198818347977535663698074265425278625518184175746728909777727938000816470600161452491921732172147
7235014144197356854816136115735255213347574184946843852332390739414333454776241686251898356948556209921922218427255025425688767179049460
1653466804988627232791786085784383827967976681454100953883786360950680064225125205117392984896084128488626945604241965285022210661186306
7442786220391949450471237137869609563643719172874677646575739624138908658326459958133904780275900994657640789512694683983525957098258226
2052248940772671947826848260147699090264013639443745530506820349625245174939965143142980919065925093722169646151570985838741059788595977
2975498930161753928468138268683868942774155991855925245953959431049972524680845987273644695848653836736222626099124608051243884390451244
1365497627807977156914359977001296160894416948685558484063534220722258284886481584560285060168427394522674676788952521385225499546667278
2398645659611635488623057745649803559363456817432411251507606947945109659609402522887971089314566913686722874894056010150330861792868092
0874760917824938589009714909675985261365549781893129784821682998948722658804857564014270477555132379641451523746234364542858444795265867
8210511413547357395231134271661021359695362314429524849371871101457654035902799344037420073105785390621983874478084784896833214457138687
5194350643021845319104848100537061468067491927819119793995206141966342875444064374512371819217999839101591956181467514269123974894090718
6494231961567945208095146550225231603881930142093762137855956638937787083039069792077346722182562599661501421503068038447734549202605414
6659252014974428507325186660021324340881907104863317346496514539057962685610055081066587969981635747363840525714591028970641401109712062
8043903975951567715770042033786993600723055876317635942187312514712053292819182618612586732157919841484882916447060957527069572209175671
1672291098169091528017350671274858322287183520935396572512108357915136988209144421006751033467110314126711136990865851639831501970165151
1685171437657618351556508849099898599823873455283316355076479185358932261854896321329330898570642046752590709154814165498594616371802709
8199430992448895757128289059232332609729971208443357326548938239119325974636673058360414281388303203824903758985243744170291327656180937
7344403070746921120191302033038019762110110044929321516084244485963766983895228684783123552658213144957685726243344189303968642624341077
3226978028073189154411010446823252716201052652272111660396665573092547110557853763466820653109896526918620564769312570586356620185581007
2936065987648611791045334885034611365768675324944166803962657978771855608455296541266540853061434443185867697514566140680070023787765913
4401712749470420562230538994561314071127000407854733269939081454664645880797270826683063432858785698305235808933065757406795457163775254
2021149557615814002501262285941302164715509792592309907965473761255176567513575178296664547791745011299614890304639947132962107340437518
9573596145890193897131117904297828564750320319869151402870808599048010941214722131794764777262241425485454033215718530614228813758504306
3321751829798662237172159160771669254748738986654949450114654062843366393790039769265672146385306736096571209180763832716641627488880078
6925602902284721040317211860820419000422966171196377921337575114959501566049631862947265473642523081770367515906735023507283540567040386
7435136222247715891504953098444893330963408780769325993978054193414473774418426312986080998886874132604721569516239658645730216315981931
9516735381297416772947867242292465436680098067692823828068996400482435403701416314965897940924323789690706977942236250822168895738379862
3001593776471651228935786015881617557829735233446042815126272037343146531977774160319906655418763979293344195215413418994854447345673831
6249934191318148092777710386387734317720754565453220777092120190516609628049092636019759882816133231666365286193266863360627356763035447
7628035045077723554710585954870279081435624014517180624643626794561275318134078330336254232783944975382437205835311477119926063813346776
8796959703098339130771098704085913374641442822772634659470474587847787201927715280731767907707157213444730605700733492436931138350493163
1284042512192565179806941135280131470130478164378851852909285452011658393419656213491434159562586586557055269049652098580338507224264829
3972858478316305777756068887644624824685792603953527734803048029005876075825104747091643961362676044925627420420832085661190625454337213
1535958450687724602901618766795240616342522577195429162991930645537799140373404328752628889639958794757291746426357455254079091451357111
3694109119393251910760208252026187985318877058429725916778131496990090192116971737278476847268608490033770242429165130050051683233643503
8951702989392233451722013812806965011784408745196012122859937162313017114448464090389064495444006198690754851602632750529834918740786680
8818338510228334508504860825039302133219715518430635455007668282949304137765527939751754613953984683393638304746119966538581538420568533
8621867252334028308711232827892125077126294632295639898989358211674562701021835646220134967151881909730381198004973407239610368540664319
3950979019069963955245300545058068550195673022921913933918568034490398205955100226353536192041994745538593810234395544959778377902374216
1727111723643435439478221818528624085140066604433258885698670543154706965747458550332323342107301545940516553790686627333799585115625784
3229882737231989875714159578111963583300594087306812160287649628674460477464915995054973742562690104903778198683593814657412680492564879
8556145372347867330390468838343634655379498641927056387293174872332083760112302991136793862708943879936201629515413371424892830722012690
1475466847653576164773794675200490757155527819653621323926406160136358155907422020203187277605277219005561484255518792530343513984425322
3415762336106425063904975008656271095359194658975141310348227693062474353632569160781547818115284366795706110861533150445212747392454494
5423682886061340841486377670096120715124914043027253860764823634143346235189757664521641376796903149501910857598442391986291642193994907
2362346468441173940326591840443780513338945257423995082965912285085558215725031071257012668302402929525220118726767562204154205161841634
8475651699981161410100299607838690929160302884002691041407928862150784245167090870006992821206604183718065355672525325675328612910424877
6182582976515795984703562226293486003415872298053498965022629174878820273420922224533985626476691490556284250391275771028402799806636582
5488926488025456610172967026640765590429099456815065265305371829412703369313785178609040708667114965583434347693385781711386455873678123
0145876871266034891390956200993936103102916161528813843790990423174733639480457593149314052976347574811935670911013775172100803155902485
3090669203767192203322909433467685142214477379393751703443661991040337511173547191855046449026365512816228824462575916333039107225383742
1821408835086573917715096828874782656995995744906617583441375223970968340800535598491754173818839994469748676265516582765848358845314277
5687900290951702835297163445621296404352311760066510124120065975585127617858382920419748442360800719304576189323492292796501987518721272
6750798125547095890455635792122103334669749923563025494780249011419521238281530911407907386025152274299581807247162591668545133312394804
9470791191532673430282441860414263639548000448002670496248201792896476697583183271314251702969234889627668440323260927524960357996469256
5049368183609003238092934595889706953653494060340216654437558900456328822505452556405644824651518754711962184439658253375438856909411303
1509526179378002974120766514793942590298969594699556576121865619673378623625612521632086286922210327488921865436480229678070576561514463
2046927906821207388377814233562823608963208068222468012248261177185896381409183903673672220888321513755600372798394004152970028783076670
9444745601345564172543709069793961225714298946715435784687886144458123145935719849225284716050492212424701412147805734551050080190869960
3302763478708108175450119307141223390866393833952942578690507643100638351983438934159613185434754649556978103829309716465143840700707360
4112373599843452251610507027056235266012764848308407611830130527932054274628654036036745328651057065874882256981579367897669742205750596
8344086973502014102067235850200724522563265134105592401902742162484391403599895353945909440704691209140938700126456001623742880210927645
7931065792295524988727584610126483699989225695968815920560010165525637567856672279661988578279484885583439751874454551296563443480396642
0557982936804352202770984294232533022576341807039476994159791594530069752148293366555661567873640053666564165473217043903521329543529169
4145990416087532018683793702348886894791510716378529023452924407736594956305100742108714261349745956151384987137570471017879573104229690
6667021449863746459528082436944578977233004876476524133907592043401963403911473202338071509522201068256342747164602433544005152126693249
3419673977041595683753555166730273900749729736354964533288869844061196496162773449518273695588220757355176651589855190986665393549481068
8732068599075407923424023009259007017319603622547564789406475483466477604114632339056513433068449539790709030234604614709616968868850140
8347040546074295869913829668246818571031887906528703665083243197440477185567893482308943106828702722809736248093996270607472645539925399
4428081137369433887294063079261595995462624629707062594845569034711972996409089418059534393251236235508134949004364278527138315912568989
2951964272875739469142725343669415323610045373048819855170659412173524625895487301676002988659257866285612496655235338294287854253404830
8330701653722856355915253478445981831341129001999205981352205117336585640782648494276441137639386692480311836445369858917544264739988228
4621844900877769776312795722672655562596282542765318300134070922334365779160128093179401718598599933849235495640057099558561134980252499
0669842330173503580440811685526531170995708994273287092584878944364600504108922669178352587078595129834417295351953788553457374260859029
0817651557803905946408735061232261120093731080485485263572282576820341605048466277504500312620080079980492548534694146977516493270950493
4639382432227188515974054702148289711177792376122578873477188196825462981268685817050740272550263329044976277894423621674119186269439650
6715157795867564823993917604260176338704549901761436412046921823707648878341968968611815581587360629386038101712158552726683008238340465
6475880405138080163363887421637140643549556186896411228214075330265510042410489678352858829024367090488711819090949453314421828766181031
0073547705498159680772009474696134360928614849417850171807793068108546900094458995279424398139213505586422196483491512639012803832001097
7386806628779239718014613432445726400973742570073592100315415089367930081699805365202760072774967458400283624053460372634165542590276018
3484030681138185510597970566400750942608788573579603732451414678670368809880609716425849759513806930944940151542222194329130217391253835
5915031003330325111749156969174502714943315155885403922164097229101129035521815762823283182342548326111912800928252561902052630163911477
2473314857391077758744253876117465786711694147764214411112635835538713610110232679877564102468240322648346417663698066378576813492045302
2408197278564719839630878154322116691224641591177673225326433568614618654522268126887268445968442416107854016768142080885028005414361314
6230821025941737562389942075713627516745731891894562835257044133543758575342698699472547031656613991999682628247270641336222178923903176
0854289437339356188916512504244040089527198378738648058472689546243882343751788520143956005710481194988423906061369573423155907967034614
9143447886360410318235073650277859089757827273130504889398900992391350337325085598265586708924261242947367019390772713070686917092646254
8423240748550366080136046689511840093668609546325002145852930950000907151058236267293264537382104938724996699339424685516483261134146110
6802674466373343753407642940266829738652209357016263846485285149036293201991996882851718395366913452224447080459239660281715655156566611
1359823112250628905854914509715755390024393153519090210711945730024388017661503527086260253788179751947806101371500448991721002220133501
3106016391541589578037117792775225978742891917915522417189585361680594741234193398420218745649256443462392531953135103311476394911995072
8584306583619353693296992898379149419394060857248639688369032655643642166442576079147108699843157337496488352927693282207629472823815374
0996154559879825989109371712621828302584811238901196822142945766758071865380650648702613389282299497257453033283896381843944770779402284
3598834100358385423897354243956475556840952248445541392394100016207693636846776413017819659379971557468541946334893748439129742391433659
3604100352343777065888677811394986164787471407932638587386247328896456435987746676384794665040741118256583788784548581489629612739984134
4272608606187245545236064315371011274680977870446409475828034876975894832824123929296058294861919667091895808983320121031843034012849511
6203534280144127617285830243559830032042024512072872535581195840149180969253395075778400067465526031446167050827682772223534191102634163
1571474061238504258459884199076112872580591139356896014316682831763235673254170734208173322304629879928049085140947903688786878949305469
5570307261900950207643349335910602454508645362893545686295853131533718386826561786227363716975774183023986006591481616404944965011732131
3895747062088474802365371031150898427992754426853277974311395143574172219759799359685252285745263796289612691572357986620573408375766873
8842664059909935050008133754324546359675048442352848747014435454195762584735642161981340734685411176688311865448937769795665172796623267
1481033864391375186594673002443450054499539974237232871249483470604406347160632583064982979551010954183623503030945309733583446283947630
4775645015008507578949548931393944899216125525597701436858943585877526379625597081677643800125436502371412783467926101995585224717220177
7237004178084194239487254068015560359983905489857235467456423905858502167190313952629445543913166313453089390620467843877850542393905247
3136201294769187497519101147231528932677253391814660730008902776896311481090220972452075916729700785058071718638105496797310016787085069
4207092232908070383263453452038027860990556900134137182368370991949516489600755049341267876436746384902063964019766685592335654639138363
1857456981471962108410809618846054560390384553437291414465134749407848844237721751543342603066988317683310011331086904219390310801437843
3415137092435301367763108491351615642269847507430329716746964066653152703532546711266752246055119958183196376370761799191920357958200759
5605302346267757943936307463056901080114942714100939136913810725813781357894005599500183542511841721360557275221035268037357265279224173
7360575112788721819084490061780138897107708229310027976659358387589093956881485602632243937265624727760378908144588378550197028437793624
0782505270487581647032458129087839523245323789602984166922548964971560698119218658492677040395648127810217991321741630581055459880130048
4562997651121241536374515005635070127815926714241342103301566165356024733807843028655257222753049998837015348793008062601809623815161366
9033411113865385109193673938352293458883225508870645075394739520439680790670868064450969865488016828743437861264538158342807530618454859
0379821799459968115441974253634439960290251001588827216474500682070419376158454712318346007262933955054823955713725684023226821301247679
4522644820910235647752723082081063518899152692889108455571126603965034397896278250016110153235160519655904211844949907789992007329476905
8685778787209829013529566139788848605097860859570177312981553149516814671769597609942100361835591387778176984587581044662839988060061622
9848616935337386578773598336161338413385368421197893890018529569196780455448285848370117096721253533875862158231013310387766827211572694
9518179589754693992642197915523385766231676275475703546994148929041301863861194391962838870543677743224276809132365449485366768000001065
2624854730558615989991401707698385483188750142938908995068545307651168033373222651756622075269517914422528081651716677667279303548515420
4023817460892328391703275425750867655117859395002793389592057668278967764453184040418554010435134838953120132637836928358082719378312654
9617459970567450718332065034556644034490453627560011250184335607361222765949278393706478426456763388188075656121689605041611390390639601
6202215368494109260538768871483798955999911209916464644119185682770045742434340216722764455893301277815868695250694993646101756850601671
4535431581480105458860564550133203758645485840324029871709348091055621167154684847780394475697980426318099175642280987399876697323769573
7015808068229045992123661689025962730430679316531149401764737693873514093361833216142802149763399189835484875625298752423873077559555955
4651963944018218409984124898262367377146722606163364329640633572810707887581640438148501884114318859882769449011932129682715888413386943
4682859006664080631407775772570563072940049294030242049841656547973670548558044586572022763784046682337985282710578431975354179501134727
3625774080213476826045022851579795797647467022840999561601569108903845824502679265942055503958792298185264800706837650418365620945554346
1351341525700659748819163413595567196496540321872716026485930490397874895890661272507948282769389535217536218507962977851461884327192232
2381015874445052866523802253284389137527384589238442253547265309817157844783421582232702069028723233005386216347988509469547200479523112
0150432932266282727632177908840087861480221475376578105819702226309717495072127248479478169572961423658595782090830733233560348465318730
2930266596450137183754288975579714499246540386817992138934692447419850973346267933210726868707680626399193619650440995421676278409146698
5692571507431574079380532392523947755744159184582156251819215523370960748332923492103451462643744980559610330799414534778457469999212859
9999399612281615219314888769388022281083001986016549416542616968586788372609587745676182507275992950893180521872924610867639958916145855
0583972742098090978172932393010676638682404011130402470073508578287246271349463685318154696904669686939254725194139929146524238577625500
4748529547681479546700705034799958886769501612497228204030399546327883069597624936151010243655535223069061294938859901573466102371223547
8911292547696176005047974928060721268039226911027772261025441492215765045081206771735712027180242968106203776578837166909109418074487814
0490755178203856539099104775941413215432844062503018027571696508209642734841469572639788425600845312140659358090412711359200419759851362
5479616063228873618136737324450607924411763997597461938358457491598809766744709300654634242346063423747466608043170126005205592849369594
1434081468529815053947178900451835755154125223590590687264878635752541911288877371766374860276606349603536794702692322971868327717393236
1920077745221262475186983349515101986426988784717193966497690708252174233656627259284406204302141137199227852699846988477023238238400556
5551788908766136013047709843861168705231055314916251728373272867600724817298763756981633541507460883866364069347043720668865127568826614
9730788657015685016918647488541679154596507234287730699853713904300266530783987763850323818215535597323530686043010675760838908627049841
8885951380910304235957824951439885901131858358406674723702971497850841458530857813391562707603563907639473114554958322669457024941398316
3433237897595568085683629725386791327505554252449194358912840504522695381217913191451350099384631177401797151228378546011603595540286440
5902496466930707769055481028850208085800878115773817191741776017330738554758006056014337743299012728677253043182519757916792969965041460
7066457125888346979796429316229655201687973000356463045793088403274807718115553309098870255052076804630346086581653948769519600440848206
5967379473168086415645650530049881616490578831154345485052660069823093157776500378070466126470602145750579327096204782561524714591896522
3608396645624105195510522357239739512881816405978591427914816542632892004281609136937773722299983327082082969955737727375667615527113922
5880552018988762011416800546873655806334716037342917039079863965229613128017826797172898229360702880690877686605932527463784053976918480
8204102194471971386925608416245112398062011318454124478205011079876071715568315407886543904121087303240201068534194723047666672174986986
8547076781205124736792479193150856444775379853799732234456122785843296846647513336573692387201464723679427870042503255589926884349592876
1240075587569464137056251400117971331662071537154360068764773186755871487839890810742953094106059694431584775397009439883949144323536685
3920994687964506653398573888786614762944341401049888993160051207678103588611660202961193639682134960750111649832785635316145168457695687
1090029997698412632665023477167286573785790857466460772283415403114415294188047825438761770790430001566986776795760909966936075594965152
7363498118964130433116627747123388174060373174397054067031096767657486953587896700319258662594105105335843846560233917967492678447637084
7497833365557900738419147319886271352595462518160434225372996286326749682405806029642114638643686422472488728343417044157348248183330164
0566959668866769563491416328426414974533349999480002669987588815935073578151958899005395120853510357261373640343675347141048360175464883
0040784641674521673719048310967671134434948192626811107399482506073949507350316901973185211955263563258433909982249862406703107683184466
0729124874754031617969941139738776589986855417031884778867592902607004321266617919223520938227878880988633599116081923535557046463491132
0859189796132791319756490976000139962344455350143464268604644958624769094347048293294140411146540923988344435159133201077394411184074107
6849810663472410482393582740194493566516108846312567852977697346843030614624180358529331597345830384554103370109167677637427621021370135
4854450926307190114731848574923318167207213727935567952844392548156091372812840633303937356242001604566455741458816605216660873874804724
3391212955877763906969037078828527753894052460758496231574369171131761347838827194168606625721036851321566478001476752310393578606896111
2599602818393095487090590738613519145918195102973278755710497290114871718971800469616977700179139196137914171627070189584692143436967629
2745910994006008498356842520191559370370101104974733949387788598941743303178534870760322198297057975119144051099423588303454635349234982
6883624043327267415540301619505680654180939409982020609994140216890900708213307230896621197755306659188141191577836272927461561857103721
7247100952142369648308641025928874579993223749551912219519034244523075351338068568073544649951272031744871954039761073080602699062580760
2029273145525207807991418429063884437349968145827337207266391767020118300464819000241308350884658415214899127610651374153943565721139032
8574918769094413702090517031487773461652879848235338297260136110984514841823808120540996125274580881099486972216128524897425555516076371
6750548961730168096138038119143611439921063800508321409876045993093248510251682944672606661381517457125597549535802399831469822036133808
2849935670557552471290274539776214049318201465800802156653606776550878380430413431059180460680083459113664083488740800574127258670479225
8319127415739080914383138456424150940849133918096840251163991936853225557338966953749026620923261318855891580832455571948453875628786128
8590041060060737465014026278240273469625282171749415823317492396835301361786536737606421667781377399510065895288774276626368418306801908
0460984980946976366733566228291513235278880615776827815958866918023894033307644191240341202231636857786035727694154177882643523813190502
8087018575047046312933353757285386605888904583111450773942935201994321971171642235005644042979892081594307167019857469273848653833436145
7946341759225738985880016980147574205429958012429581054565108310462972829375841611625325625165724980784920998979906200359365099347215829
6517413579849104711166079158743698654122234834188772292944633517865385673196255985202607294767407261676714557364981210567771689348491766
0771705277187601199908144113058645577910525684304811440261938402322470939249802933550731845890355397133088446174107959162511714864874468
6112476054286734367090466784686702740918810142497111496578177242793470702166882956108777944050484375284433751088282647719785400065097040
3302186255614733211777117441335028160884035178145254196432030957601869464908868154528562134698835544456024955666843660292219512483091060
5377201980218310103270417838665447181260397190688462370857518080035327047185659499476124248110999288679158969049563947624608424065930948
6215076903149870206735338483495508363660178487710608098042692471324100094640143736032656451845667924566695510015022983307984960799498824
9706172367449361226222961790814311414660941234159359309585407913908720832273354957208075716517187659944985693795623875551617575438091780
5280294642004472153962807463602113294255916002570735628126387331060058910652457080244749375431841494014821199962764531068006631183823761
6396631809314446712986155275982014514102756006892975024630401735148919457636078935285550531733141645705049964438909363084387448478396168
4051845273288403234520247056851646571647713932377551729479512613239822960239454857975458651745878771331813875295980941217422730035229650
8089177705068259248822322154938048371454781647213976820963320508305647920482085920475499857320388876391601995240918938945576768749730856
9559580106595265030362661597506622250840674288982659075106375635699682115109496697445805472886936310203678232501823237084597901115484720
8761821247781326633041207621658731297081123075815982124863980721240786887811450165582513617890307086087019897588980745664395515741536319
3191981070575336633738038272152798849350397480015890519420879711308051233933221903466249917169150948541401871060354603794643379005890957
7211808044657439628061867178610171567409676620802957665770512912099079443046328929473061595104309022214393718495606340561893425130572682
9146578329334052463502892917547087256484260034962961165413823007731332729830500160256724014185152041890701154288579920812198449315699905
9182011819733500126187728036812481995877070207532406361259313438595542547781961142935163561223496661522614735399674051584998603552953329
2457523888101362023476246690558164389678630976273655047243486430712184943734853006063876445662721866617012381277156213797461498613287441
1771455244470899714452288566294244023018479120547849857452163469644897389206240194351831008828348024924908540307786387516591130287395878
7098100772718271874529013972836614842142871705531796543076504534324600536361472618180969976933486264077435199928686323835088756683595097
2655748154319401955768504372480010204137498318722596773871549583997184449072791419658459300839426370208756353982169620553248032122674989
1140267852859967340524203109179789990571882194939132075343170798002373659098537552023891164346718558290685371189795262623449248339249634
2449714656846591248918556629589329909035239233333647435203707701010843880032907598342170185542283861617210417603011645918780539367447472
0599850235828918336929223373239994804371084196594731626548257480994825099918330069765693671596893644933488647442135008407006608835972350
3953234017958255703601693699098867113210979889707051728075585519126993067309925070407024556850778679069476612629808225163313639952117098
4528092630375922426742575599892892783704744452189363203489415521044597261883800300677617931381399162058062701651024458869247649246891924
6121253102757313908404700071435613623169923716948481325542009145304103713545329662063921054798243921251725401323149027405858920632175894
9434548906846399313757091034633271415316223280552297297953801880162859073572955416278867649827418616421878988574107164906919185116281528
5486794173638906653885764229158342500673612453849160674137340173572779956341043326883569507814931378007362354180070619180267328551191942
6760912210359874692411728374931261633950012395992405084543756985079570462226646190001035004901830341535458428337643781119885563187777925
3720116671853954183598443830520376281944076159410682071697030228515225057312609304689842343315273213136121658280807521263154773060442377
4753505952287174402666389148817173086436111389069420279088143119448799417154042103412190847094080254023932942945493878640230512927119097
5135360009219711054120966831115163287054230284700731206580326264171161659576132723515666625366727189985341998952368848309993027574199164
6384142707798870887422927705389122717248632202889842512528721782603050099451082478357290569198855546788607946280537122704246654319214528
1760741482403827835829719301017888345674167811398954750448339314689630763396657226727043393216745421824557062524797219978668542798977992
3395790575818906225254735822052364248507834071101449804787266919901864388229323053823185597328697809222535295910173414073348847610055640
1824239219269506208318381454698392366461363989101210217709597670490830508185470419466437131229969235889538493013635657618610606222870559
9423371631021278457446463989738188566746260879482018647487672727222062676465338099801966883680994159075776852639865146253336312450536402
6105696055131838131742611844201890888531963569869627950367384243130113317533053298020166888174813429886815855778103432317530647849832106
2971842518438553442762012823457071698853051832617964117857960888815032960229070561447622091509473903594664691623539680920139457817589108
8931992112260073928149169481615273842736264298098234063200244024495894456129167049508235812487391799648641133480324757775219708932772262
3494860150466526814398770516153170266969297049283162855042128981467061953319702695072143782304768752802873541261663917082459251700107141
8085480063692325946201900227808740985977192180515853214739265325155903541020928466592529991435379182531454529059841581763705892790690989
6911164381187809435371521332261443625314490127454772695739393481546916311624928873574718824071503995009446731954316193855485207665738825
1396391635767231510055560372633948672082078086537349424401157996675073607111593513319591971209489647175530245313647709420946356969822266
7377520994516845064362382421185353488798939567318780660610788544000550827657030558744854180577889171920788142335113866292966717964346876
0077047999537883387870348718021842437342112273940255717690819603092018240188427057046092622564178375265263358324240661253311529423457965
5695025068100183109004112453790153329661569705223792103257069370510908307894799990049993953221536227484766036136776979785673865846709366
7958858378879562594646489137665219958828693380183601193236857855855819555604215625088365020332202451376215820461810670519533065306060650
1054887167245377942831338871631395596905832083416898476065607118347136218123246227258841990286142087284956879639325464285343075301105285
7138296437099903569488852851904029560473461311382638788975517885604249987483163828040468486189381895905420398898726506976202019955484126
5000539442820393012748163815853039643992547020167275932857436666164411096256633730540921951967514832873480895747777527834422109107311135
1828046036347198185655572957144747682552857863349342858423118749440003229690697758315903858039353521358860079600342097547392296733310649
3956018122378128545843176055617338611267347807458506760630482294096530411183066710818930311088717281675195796753471885372293096161432040
0638132246584111115775835858113501856904781536893813771847281475199835050478129771859908470762197460588742325699582889253504193795826061
6211842368768511418316068315867994601652057740529423053601780313357263267054790338401257305912339601880137825421927094767337191987287385
2480574212489211834708766296672072723256505651293331260595057777275424712416483128329820723617505746738701282095755443059683955556868611
8839713552208445285264008125202766555767749596962661260456524568408613923826576858338469849977872670655519185446869846947849573462260629
4219624557085371272776523098955450193037732166649182578154677292005212667143463209637891852323215018976126034373684067194193037746880999
2968775824410478781232662531818459604538535438391144967753128642609252115376732588667226040425234910870269580996475958057946639734190640
1003636190404203311357933654242630356145700901124480089002080147805660371015412232889146572239314507607167064355682743774396578906797268
7438473076346451677562103098604092717090951280863090297385044527182892749689212106670081648583395537735919136950153162018908887484210798
7068991148046692706509407620465027725286507289053285485614331608126930056937854178610969692025388650345771831766868859236814884752764984
6882194973972970773718718840041432312763650481453112285099002074240925585925292610302106736815434701525234878635164397623586041919412969
7690405264832347009911154242601273438022089331096686367898694977994001260164227609260823493041180643829138347354679725399262338791582998
4864592717340592256207491053085315371829116816372193951887009577881815868504645076993439409874335144316263303172477474868979182092394808
3314397084067308407958935810896656477585990556376952523265361442478023082681183103773588708924061303133647737101162821461466167940409051
8615260360092521947218890918107335871964142144478654899528582343947050079830388538860831035719306002771194558021911942899922722353458707
5662469261776631788551443502182870266856106650035310502163182060176092179846849368631612937279518730789726373537171502563787335797718081
8487845886650433582437700414771041493492743845758710715973155943942641257027096512510811554824793940359768118811728247215825010949609662
5393395380922195591918188552678062149923172763163218339896938075616855911752998450132067129392404144593862398809381240452191484831646210
1473891825101090967738690664041589736104764365000680771056567184862814963711188321924456639458144914861655004956769826903089111856879869
2947051352481609174324301538368470729289898284602223730145265567989862776796809146979837826876431159883210904371561129976652153963546442
0869197567370005738764978437686287681792497469438427465256316323005551304174227341646455127812784577772457520386543754282825671412885834
5444351325620544642410110379554641905811686230596447695870540721419852121067343324107567675758184569906930460475227701670056845439692340
4171108988899341635058515788735343081552081177207188037910404698306957868547393765643363197978680367187307969392423632144845035477631567
0255390065423117920153464977929066241508328858395290542637687668968805033317227800185885069736232403894700471897619347344308437443759925
0341788079722358591342458131440498477017323616947197657153531977549971627856631190469126091825912498903676541769799036237552865263757337
6352696934435440047306719886890196814742876779086697968852250163694985673021752313252926537589641517147955953878427849986645630287883196
2099830494519874396369070682762657485810439112232618794059941554063270131989895703761105323606298674803779153767511583043208498720920280
9297526498125691634250005229088726469252846661046653921714820801305022980526378364269597337070539227891535105688839381132497570713310295
0443034671598944878684711643832805069250776627450012200352620370946602341464899839025258883014867816219677519458316771876275720050543979
4412459900771152051546199305098386982542846407255540927403132571632640792934183342147090412542533523248021932277075355546795871638358750
1815933871742360615511710131235256334858203651461418700492057043720182617331947157008675785393360786227395581857975872587441025420771054
7536129404746010009409544495966288148691590389907186598056361713769222729076419775517772010427649694961105622059250242021770426962215495
8726453989227697660310524980855759471631075870133208861463266412591148633881220284440694169488261529577625325019870359870674380469821942
0563812558334364219492322759372212890564209430823525440841108645453694049692714940033197828613181861888111184082578659287574263844500599
4422956858646048103301538891149948693543603022181094346676400002236255057363129462629609619876056425996394613869233083719626595473923462
4134597795748524647837980795693198650815977675350553918991151335252298736112779182748542008689539658359421963331502869561192012298889887
0060799927954111882690230789131076036176347794894320321027733594169086500719328040171638406449878717537567811853213284082165711075495282
9497493621460821558320568723218557406516109627487437509809223021160998263303391546949464449100451528092508974507489676032409076898365294
0657920198315265410658136823791984090645712468948470209357761193139980246813405200394781949866202624008902150166163813538381515037735022
9660746279529103840686855690701575166241929872444827194293310048548244545807188976330032325258215812803274679620028147624318286221710543
5289834820827345168018613171959332471107466222850871066611770346535283957762599774467218571581612641114327179434788599089280848669491413
9097716736900277758502686646540565950394867841110790116104008572744562938425494167594605487117235946429105850909950214958793112196135908
3158826206823321561530868337308381732793281969838750870834838804638847844188400318471269745437093732983624028751979208023218787448828728
4372737801782700805878241074935751488997891173974612932035108143270325140903048746226294234432757126008664250833318768865075642927160552
5289544921537651751492196367181049435317858383453865255656640657251363575064353236508936790431702597878177190314867963840828810209461490
0797151377170990619549696400708676671023300486726314755105372317571143223174114116806228642063889062101923552235467116621374996932693217
3704310598722503945657492461697826097025335947502091383667377289443869640002811034402608471289900074680776484408871134135250336787731679
7709372778682166117865344231732264637847697875144332095340001650692130546476890985050203015044880834261845208730530973189492916425322933
6124315143065782640702838984098416029503092418971209716016492656134134334222988279099217860426798124572853458013382609958771781131021673
4025656274400729683406619848067661580502169183372368039902793160642043681207990031626444914619021945822969099212278855394878353830564686
4881655562294315673128274390826450611628942803501661336697824051770155219626522725455850738640585299830379180350432876703809252167907571
2040612375963276856748450791511473134400018325703449209097124358094479004624943134550289006806487042935340374360326258205357901183956490
8935434510134296961754524957396062149028872893279252069653538639644322538832752249960598697475988232991626354597332444516375533437749292
8990581175786355555626937426910947117002165411718219750519831787137106051063795558588905568852887989084750915764639074693619881507814685
2621332524738376511929901561091897779220087057933964638274906806987691681974923656242260871541761004306089043779766785196618914041449252
7048088197149880154205778700652159400928977760133075684796699295543365613984773806039436889588764605498387147896848280538470173087111776
1159663505039979343869339119789887109156541709133082607647406305711411098839388095481437828474528838368079418884342666222070438722887413
9478010177213922819119923654055163958934742639538248296090369002883593277458550608013179884071624465639979482757836501955142215513392819
7822698427863839167971509126241054872570092407004548848569295044811073808799654748156891393538094347455697212891982717702076661360248958
1468119133614121258783895577357194986317210844398901423948496659251731388171602663261931065366535041473070804414939169363262373767777095
8503132559900957627319573086480424677012123270205337426670531424482081681303063973787366424836725398374876909806021827857862165127385635
1329014890350988327061725893257536399397905572917516009761545904477169226580631511102803843601737474215247608515209901615858231257159073
3421736576267142390478279587281505095633092802668458937649649770232973641319060982740633531089792464242134583740901169391964250459128813
4034988106354008875968200544083643865166178805576089568967275315380819420773325979172784376256611843198910250074918290864751497940031607
0384554946538594602745244746681231468794344161099333890899263841184742525704457251745932573898956518571657596148126602031079762825416559
0506042479114016957900338356574869252800743025623419498286467914476322774005529460903940177536335655471931000175430047504719144899841040
0158679461792416100164547165513370740739502604427695385538343975505488710997852054011751697475813449260794336895437832211724506873442319
8987884412854206474280973562580706698310697993526069339213568588139121480735472846322778490808700246777630360555123238665629517885371967
3034634701222939581606792509153217489030840886516061119011498443412350124646928028805996134283511884715449771278473361766285062169778717
7438243625657117794500644777183702219991066950216567576440449979407650379999548450027106659878136038023141268369057831904607927652972776
9404361302305178708054651154246939526512710105292707030667302444712597393995051462840476743136373997825918454117641332790646063658415292
7019030276017339474866960348694976541752429306040727005059039503148522921392575594845078867977925253931765156416197168443524369794447355
9642606333910551268260615957262170366985064732812667245219890605498802807828814297963366967441248059821921463395657457221022986775997467
3812606936706913408155941201611596019023775352555630060624798326124988128819293734347686268921923977783391073310658825681377717232831532
9082525092733047850724977139448333892552081175608452966590553940965568541706001179857293813998258319293679100391844099286575605993598910
0029698644609747147184701015312837626311467742091455740418159088000649432378558393085308283054760767995243573916312218860575496738322431
9565065546085288120190236364471270374863442172725787950342848631294491631847534753143504139209610879605773098720135248407505763719925365
0470908582513936863463863368042891767107602111159828875539940120076013947033661793715396306139863655492213741597905119083588290097656647
3007338793146789131814651093167615758213514248604422924453041131606527009743300884990346754055186406773426035834096086055337473627609356
5885310976099423834738222208729246449768456057956251676557408841032173134562773585605235823638953203853402484227337163912397321599544082
8421666636023296545694703577184873442034227706653837387506169212768015766181095420097708363604361110592409117889540338021426523948929686
4398089261146354145715351943428507213534530183158756282757338982688985235577992957276452293915674775666760510878876484534936360682780505
6462281359888587925994094644604170520447004631513797543173718775603981596264750141090665886616218003826698996196558058720863972117699521
9466789857011798332440601811575658074284182910615193917630059194314434605154047710570054339000182453117733718955857603607182860506356479
9790041397618089553636696031621931132502238517916720551806592635180362512145759262383693482226658955769946604919381124866090997981285718
2349400661555219611220720309227764620099931524427358948871057662389469388944649509396033045434084210246240104872332875008174917987554387
9387381439894238011762700837196053094383940063756116458560943129517597713935396074322792489221267045808183313764165818269562105872892447
7400359470092686626596514220506300785920024882918608397437323538490839643261470005324235406470420894992102504047267810590836440074663800
2087012666420945718170294675227854007450855237772089058168391844659282941701828823301497155423523591177481862859296760504820386434310877
9562892925405638946621948268711042828163893975711757786915430165058602965217459581988878680408110328432739867198621306205559855266036405
0462821523061545944744899088390819997387474529698107762014871340001225355222466954093152131153379157980269795557105085074738747507580687
6537644578252443263804614304288923593485296105826938210349800040524840708440356116781717051281337880570564345061611933042444079826037795
1198548694559152051960093041271007277849301555038895360338261929343797081874320949914159593396368110627557295278004254863060054523839151
0689989135788200194117865356821491185282078521301255185184937115034221595422445119002073935396274002081104655302079328672547405436527175
9589350071633607632161472581540764205302004534018357233829266191530835409512022632916505442612361919705161383935732669376015691442994494
3744856809775696303129588719161129294681884936338647392747601226964158848900965717086160598147204467428664208765334799858222090619802173
2116142304194777549907387385679411898246609130916917722742072333676350326783405863019301932429963972044451792881228544782119535308989101
2534297552472763573022628138209180743974867145359077863353016082155991131414420509144729353502223081719366350934686585865631485557586244
7818620108711889760652969899269328178705576435143382060141077329261063431525337182243385263520217735440715281898137698755157574546939727
1504884697936195004777209705617939138289898453274262272886471088832701737232588182446584362495805925603381052156062061557132991560848920
6434030339526226345145428367869828807425142256745180618414956468611163540497189768215422772247947403357152743681940989205011365340012384
6714296551867344153741615042563256713430247655125219218035780169240326699541746087592409207004669340396510178134857835694440760470232540
7555577647284507518268904182939661133101601311190773986324627782190236506603740416067249624901374332172464540974129955705291424382080760
9836482346597388669134991978401310801558134397919485283043673901248208244481412809544377389832005986490915950532285791457688496257866588
5999179867520554558099004556461178755249370124553217170194282884617402736649978475508294228020232901221630102309772151569446427909802190
8266898688342630716092079140851976952355534886577434252775311972474308730436195113961190800302558783876442060850447306312992778889427291
8972716989057592524467966018970748296094919064876469370275077386643239191904225429023531892337729316673608699622803255718530891928440380
5071030064776847863243191000223929785255372375566213644740096760539439838235764606992465260089090624105904215453927904411529580345334500
2562441010063595300395988644661695956263518780606885137234627079973272331346939714562855426154676506324656766202792452085813477176085216
9134094652030767339184114750414016892412131982688156866456148538028753933116023229255561894104299533564009578649534093511526645402441877
5949316930560448686420862757201172319526405023099774567647838488973464317215980626787671838005247696884084989185086149003432403476742686
2459523958903585821350064509981782446360873177543788596776729195261112138591947254514003011805034378752776644027626189410175768726804281
7662386068047788524288743025914524707395054652513533945959878961977891104189029294381856720507096460626354173294464957661265195349570186
0015412623962286413897796733329070567376962156498184506842263690367849555970026079867996261019039331263768556968767029295371162528005543
1007864087289392257145124811357786276649024251619902774710903359333093049483805978566288447874414698414990671237647895822632949046798120
8998485716357108783119184863025450162092980582920833481363840542172005612198935366937133673339246441612522319694347120641737549121635700
8573694397305979709719726666642267431117762176403068681310351899112271339724036887000996862922546465006385288620393800504778276912835603
3725482557939129852515068299691077542576474883253414121328006267170940090982235296579579978030182824284902214707481111240186076134151503
8756983091865278065889668236252393784527263453042041880250844236319038331838455052236799235775292910692504326144695010986108889991465855
1881873582528164302520939285258077969737620845637482114433988162710031703151334402309526351929588680690821355853680161000213740851154484
9126858412686958991741491338205784928006982551957402018181056412972508360703568510553317878408290000415525118657794539633175385320921497
2052660783126028196116485809868458752512999740409279768317663991465538610893758795221497173172813151793290443112181587102351874075722210
0123768721944747209349312324107065080618562372526732540733324875754482967573450019321902199119960797989373383673242576103938985349278777
4739805080800155447640610535222023254094435677187945654304067358964910176107759483645408234861302547184764851895758366743997915085128580
2060782055446299172320202822291488695939972997429747115537185892423849385585859540743810488262464878805330427146301194158989632879267832
7322456103852197011130466587100500083285177311776489735230926661234588873102883515626446023671996644554727608310118788389151149340939344
7500730258558147561908813987523578123313422798665035227253671712307568610450045489703600795698276263923441071465848957802414081584052295
3693749971066559489445924628661996355635065262340533943914211127181069105229002465742360413009369188925586578466846121567955425660541600
5071276641766056874274200329577160643448606201239821698271723197826816628249938714995449137302051843669076723577400053932662622760323659
7517189259018011042903842741855078948874388327030632832799630072006980122443651163940869222207453202446241211558043545420642151215850568
9615735641431306888344318528085397592773443365538418834030351782294625370201578215737326552318576355409895403323638231921989217117744946
9403678296185920803403867575834111518824177439145077366384071880489358256868542011645031357633355509440319236720348651010561049872726472
1319865434354504091318595131451812764373104389725070049819870521762724940652146199592321423144397765467083517147493679861865527917158240
8065106379950018429593879915835017158075988378496225739851212981032637937621832245659423668537679911314010804313973233544909082491049914
3325843298821033984698141715756010829706583065211347076803680695322971990599904451209087275776225351040902392888779424630483280319132710
4954785991801969678353214644411892606315266181674431935508170818754770508026540252941092182648582138575266881555841131985600221351588872
1036569608751506318753300294211868222189377554602722729129050429225978771066787384000061677215463844129237119352182849982435092089180168
5572798156421858191197490985730570332667646460728757430565372602768982373259745084479649545648030771598153955827779139373601717422996027
3531027687194494449179397851446315973144353518504914139415573293820485421235081739125497498193087143966151329420459193801062314217741991
8406018034794988769105155790555480695387854006645337598186284641990522045280330626369562649091082762711590385699505124652999606285544383
8330327638599800792922846659503551211245284087516229060262011857775313747949362055496401073001348853150735487353905602908933526400713274
7326219603117734339436733857591245081493357369116645412817881714540230547506671365182582848980995121391939956332413365567770980030819102
7204099714868741813466700609405102146269028044915964654533010775469541308871416531254481306119240782118869005602778182423502269618934435
2547633573536485619363254417756613981703930632872166905722259745209192917262199844409646158269456380239502837121686446561785235565164127
7128269186886155727162014749340522769465957121983149433816221140069363074304441732847861017777438379770372317952554341072234455125555899
9864618387676490397246116795901810003509892864120419516355110876320426761297982652942588295114127584126273279079880755975185157684126474
2209479721843309352972665210015662514552994745127631550917636730259462132930190402837954246323258550301096706922720227074863419005438302
6506812141421350571541750575086399076739463351462090828889349383764393992569006040673114220933121959362029829723511632593867722414779116
2957278075239505625158160313335938231150051862689053065836812998810866326327198061127154885879809348791291370749823057592909186293919501
4721197586067270092547718025750337730799397134539532646195269996596385654917590458333585799102012713204583903200853878881633637685182083
7278851311752277696097879621423721625452145912818317982160441113116714069148271709810154577819392023115638719508050246797257924976057726
2591332855972637121120190572077140914864507409492671803581515757151405039761096384675556929897038354731410022380258346876735012977541327
9532060971154506484212185936490997917766874774481882870632315515865032898164228288232746866106592732197907162384642153489852476216789050
2609980452664839295423572873439776804957740914495383915755654854590589764951985138010079580107837599457752991967005476022525520344539887
1253878017196071816407812484784725791240782454436168234523957068951427226975043187363326301110305342333582160933319121880660826834142891
0415173247216053355849993224548730778822905252324234861531520976938461042582849714963475341837562003014915703279685301868631572488401526
6398356895636346574353217834931998255421173084677452970858395076164582296303244243282377374505170285606980678895217681981567107816334052
6675953942492628075696832610749532339053622309080708145591983735537774874202903901814293731152933464446815121294509759653430628421531944
5727118614900017650558177095302468875263250119705209476159416768727784472000192789137251841622857783792284439084301181121496366424659033
6341945406571835447719124466212593926566203068885200555991212353637182269225317814587925937504414489339816086579008761650246351970458288
9548179375668104647461410514249887025213993687050937230544773411264135489280684105910771667782123833281026218558775131272117934444820144
0425745083063944738363793906283008973306241380614589414227694747931665717623182472168350678076487573420491557628217583972975134478990696
5895325489403356156131674032764724692125057591162515296545685446334981143176702572956618447754874693784642337372389819206620485118943788
6822480727935202250179654534375727416391079197295295081294292220534771730418447791567399173841831171036252439571615271466900581470000263
3010452643547865903290733205468338872078735444762647925297690170912007874183736735087713376977683496344252419949951388315074877537433849
4582597655609965559543180409201784971846854973706962120885243770138537576814166327224126344239821529416453780004925072627651507890850712
6599703670872669276430837722968598516912230503746274431085293430527307886528397733524601746352770320593817912539691562106363762588293757
1373840754406468964783100704580613446731271591194608435935825987782835266531151065041623295329047772174083559349723758552138048305090009
6466760883015406128243087406455944318534137552201663058121110334531207450868243394321590435944303124312274713858420303901060709403152355
5617276799416002039397509989762933532585557562480899669182986422267750236019325797472674257821111973470940235745722227121252685238429587
4273501563660093188045493338989741571490544182559738080871565281430102670460284316819230392535297795765862414392701549740879273131051636
1191375770089295648233236482982630246079758757677453771601024908046243018565241617566556001608591215345562676021926899828553778725831451
4408265458348440947846317877737479465358016996077940556870119232860804113090462935087182712593466871276669487389982459852778649956916546
4029458935064964335809824765965165142090986755203808309203230487342703468288751604071546653834619611223013759451579252696743642531927390
0360386082364507626988274976187235754767628899507521148048525279508450339585708381304769378813211236742813194879502280663201700224603319
8967197064916374117585485187848401205484467258885140156272501982171906696081262778548596481836962141072171421498636191877475450965030895
7099470934337856981674465828267911940611956037845397855839240761276344105766751024307559814552786167815949657062559755074306521085301597
9080733437360794328667578905334836695554868039134337201564988342208933999716414797469386969054800891930671380571715058573071488156499207
1408675825960287605645978242377024246980532805663278704192676846711626687946348695046450742021937394525926266861355294062478136120620263
6498199999498405143868285258956342264328707663299304891723400725471764188685351372332667877921738347541480022803392997357936152412755829